 -122  -10 -128  -53  -52  -31   22   22  -98  -12  -17  -32  -29   26  -75   14
   97    1 -108   87   27   62   20  -45   77   96  -46    3   94  -63  115  118
   10   -4  -30   20  -87  -58   77 -114  -99   16   35   37  -14 -127   19   65
  -40 -117  -32   25  124   16  126   66   53    7  -57  -41   12 -112   55 -115
 -107 -108 -127   87  105   65   53   32   28 -115  -89   39   75   75   29  -35
  -11   52 -126 -100   21  -22  106   28  -75   22   73   -8  -99  -85   -3  -97
 -117    2  -37 -107   90   62  104  -81  -51  -46   -3   83  120   74   63  -27
  -49  -45  119  -28  -16   13   53 -126  102  -13    9  -68  -40  -95  106   11
  -13   86   45  102   69  100   30   52  109 -115  -69   99  122  -10  118   82
  106   -2  -33 -108   66   61
